0 0
0 7.893627
0 8.561960
4 36.902115
0 44.902115
2 52.460602
3 55.169723
1 63.449797
1 63.449797
0 67.921033
1 71.995161
2 76.415532
1 78.415532
1 78.415532
2 80.415532
2 86.321305
2 86.442464
4 91.993604
0 100.537851
2 106.723989
2 106.723989
2 117.938828
3 132.213243
2 149.667384
1 160.217959
4 171.843473
2 175.843473
0 179.843473
2 184.737197
4 188.737197
3 190.737197
4 192.737197
2 198.335188
1 200.981672
2 204.638593
0 210.959791
3 233.045856
4 238.895411
3 246.081237
3 246.446930
0 260.740936
0 260.740936
1 262.740936
4 268.848387
2 274.257558
0 278.257558
1 280.257558
4 286.257558
2 290.257558
2 300.045492
3 302.587491
1 318.898034
1 324.393022
4 330.507095
4 330.507095
0 338.507095
2 342.507095
0 346.507095
0 346.507095
4 357.850826
6 361.850826
5 363.850826
2 369.850826
3 371.850826
3 371.850826
3 371.850826
4 373.850826
5 375.850826
5 375.850826
1 386.641032
1 386.641032
0 389.369288
3 398.102825
5 402.102825
0 412.102825
2 436.225951
4 453.999915
5 469.989270
4 471.989270
0 496.844082
1 500.296841
0 511.076669
0 528.178392
1 541.991527
0 545.956211
0 562.671988
3 573.124320
4 576.818201
2 583.483982
1 591.876260
0 593.876260
0 594.441693
1 611.683126
3 618.935713
3 624.545845
2 632.228097
0 653.946074
2 665.533546
2 681.626830
1 690.691914
3 695.018297
3 695.018297
0 703.832425
0 703.832425
2 707.832425
1 711.164415
1 719.786391
0 729.997783
2 734.488318
0 738.488318
6 750.488318
0 762.488318
2 766.488318
3 775.734373
0 781.771354
2 799.484807
0 825.556328
0 844.869577
2 854.569536
4 858.569536
3 860.569536
0 873.078506
1 880.004634
1 880.726950
1 887.609379
3 899.864358
1 903.864358
2 905.864358
3 907.864358
4 911.967131
5 916.464521
3 923.450396
0 939.498533
0 939.498533
6 952.139192
1 962.139192
2 964.139192
0 971.443353
2 984.768271
3 995.976843
1 999.976843
4 1005.976843
6 1019.405601
4 1023.405601
2 1029.052159
5 1039.337056
3 1043.337056
2 1045.337056
3 1047.337056
0 1053.337056
1 1057.656587
3 1070.265018
2 1078.280948
0 1084.700211
1 1086.700211
1 1086.700211
0 1096.597247
2 1101.323269
3 1103.323269
0 1114.687068
4 1122.687068
3 1124.687068
2 1129.594587
0 1135.948616
0 1136.154953
0 1178.303598
2 1182.958391
1 1191.039231
3 1201.277075
0 1211.599361
2 1216.528086
5 1222.528086
4 1224.528086
1 1230.528086
0 1235.388946
0 1243.522380
0 1291.135362
0 1293.473073
0 1303.367534
0 1304.490212
0 1331.452672
2 1347.884207
2 1371.828689
4 1378.977948
1 1384.977948
4 1391.305178
2 1395.305178
1 1397.305178
0 1399.305178
2 1411.711530
0 1416.069830
3 1427.726119
2 1429.726119
4 1434.186701
5 1436.186701
3 1440.186701
3 1440.186701
3 1440.186701
1 1457.433548
3 1480.001514
0 1488.904387
1 1490.904387
0 1493.541475
0 1501.493107
0 1506.300324
1 1524.351929
3 1528.351929
0 1547.162469
1 1549.162469
2 1551.162469
2 1551.162469
1 1563.771311
1 1564.273943
0 1590.548660
0 1590.548660
2 1598.493999
4 1602.493999
3 1604.493999
4 1606.493999
4 1606.493999
3 1608.946671
5 1618.088551
0 1643.897840
1 1681.863543
6 1703.880351
0 1715.880351
1 1717.880351
1 1718.371392
1 1722.762998
4 1743.117857
3 1748.095590
2 1754.967121
3 1761.996021
2 1763.996021
3 1769.399141
1 1773.399141
3 1779.310905
0 1785.310905
6 1805.210237
4 1809.210237
0 1817.210237
3 1823.210237
6 1829.210237
6 1829.210237
3 1835.210237
2 1837.210237
4 1841.210237
4 1841.210237
2 1845.210237
4 1849.210237
3 1861.201371
0 1867.201371
1 1869.201371
2 1875.150944
2 1875.150944
3 1888.422237
4 1902.265967
2 1906.425139
1 1910.404922
0 1913.107795
4 1922.823064
4 1922.823064
3 1924.823064
3 1924.823064
3 1924.823064
3 1924.823064
5 1934.285969
5 1934.285969
6 1938.531283
0 1950.531283
1 1952.531283
4 1958.531283
3 1960.531283
5 1964.531283
0 1974.531283
4 1985.177642
5 1987.177642
0 1997.177642
2 2001.177642
7 2011.177642
2 2021.177642
2 2021.177642
2 2023.023875
1 2031.614662
2 2033.614662
3 2036.592418
2 2059.162128
0 2063.162128
0 2063.337667
1 2079.017066
3 2090.843458
1 2096.976635
1 2096.976635
0 2104.121166
3 2112.709827
5 2124.402185
6 2126.402185
2 2134.402185
1 2136.402185
3 2141.600326
3 2144.228742
4 2147.872357
4 2151.763703
4 2160.640706
4 2162.789077
5 2166.139781
5 2166.528497
3 2172.636106
4 2174.636106
1 2180.636106
6 2190.636106
2 2198.636106
4 2202.636106
3 2204.636106
2 2221.389827
0 2226.616941
2 2232.755228
2 2232.755228
2 2232.755228
1 2262.716505
2 2264.716505
8 2276.716505
6 2280.716505
2 2288.716505
2 2288.716505
0 2292.716505
0 2292.716505
2 2296.716505
2 2301.591296
0 2305.755317
1 2307.755317
2 2309.755317
3 2311.755317
1 2315.755317
4 2321.755317
3 2323.755317
0 2329.755317
1 2331.755317
1 2331.755317
3 2343.120096
0 2349.120096
1 2362.189168
4 2368.189168
0 2376.189168
4 2384.189168
2 2388.189168
1 2390.189168
2 2408.872566
2 2426.494928
3 2434.923471
3 2444.254932
1 2449.793001
3 2455.885604
3 2455.885604
3 2455.885604
0 2469.231295
6 2484.846229
2 2492.846229
0 2496.846229
4 2504.846229
0 2512.846229
7 2526.846229
3 2534.846229
5 2538.846229
6 2540.846229
7 2542.846229
9 2546.846229
8 2548.846229
8 2548.846229
5 2572.842557
6 2574.842557
9 2584.619585
7 2589.385782
8 2593.330080
7 2600.760711
4 2606.760711
7 2612.760711
9 2616.760711
8 2618.760711
7 2620.760711
9 2627.988390
9 2633.847284
8 2637.333913
8 2637.333913
7 2641.541230
5 2650.984221
4 2657.351419
4 2658.248831
7 2667.644368
9 2671.644368
8 2677.808498
7 2685.069585
8 2687.465945
9 2692.000691
4 2711.851047
8 2719.851047
2 2731.851047
3 2733.851047
3 2733.851047
7 2741.851047
7 2741.851047
5 2745.851047
9 2753.851047
8 2755.851047
7 2763.699594
9 2769.022808
4 2784.702591
3 2786.702591
4 2790.660849
4 2791.609519
7 2805.763717
6 2807.763717
8 2816.350612
4 2854.309012
6 2858.309012
8 2863.110579
9 2870.941518
7 2874.941518
7 2879.387150
9 2899.962401
6 2915.231515
6 2915.231515
6 2916.542579
5 2928.405021
9 2940.051307
7 2945.938077
9 2949.938077
9 2949.938077
9 2949.938077
8 2954.580268
7 2973.059712
7 2976.426222
8 2999.218554
8 2999.218554
9 3001.218554
9 3001.218554
8 3003.570992
7 3013.424470
6 3021.334595
5 3026.794256
5 3026.794256
6 3028.794256
6 3028.794256
8 3074.261505
7 3076.261505
3 3084.261505
7 3092.261505
8 3097.915554
5 3103.915554
9 3111.915554
6 3117.915554
7 3119.915554
5 3133.939599
7 3137.944399
6 3147.877929
8 3151.877929
9 3155.384845
8 3161.297602
6 3167.827717
8 3187.828677
9 3191.606888
7 3195.606888
9 3199.606888
7 3206.636023
5 3213.936919
4 3217.543147
4 3226.997928
4 3233.626264
6 3262.377450
9 3271.936428
7 3275.936428
9 3283.136343
9 3283.136343
7 3291.552927
7 3305.002510
6 3309.962769
7 3311.962769
7 3328.048355
9 3337.526452
8 3339.526452
6 3355.737538
4 3359.806078
6 3363.806078
9 3369.806078
9 3382.177581
9 3399.377443
8 3410.309267
8 3419.079484
2 3440.134190
9 3454.134190
2 3468.134190
7 3478.134190
8 3480.134190
5 3486.134190
8 3492.134190
5 3498.134190
4 3500.134190
4 3500.134190
0 3508.134190
5 3518.134190
4 3520.134190
7 3526.134190
9 3530.134190
9 3530.134190
9 3530.134190
2 3544.134190
4 3548.134190
7 3554.134190
8 3556.134190
7 3563.375788
7 3567.740540
5 3576.985408
8 3582.985408
6 3589.085078
6 3589.085078
9 3597.004263
8 3599.004263
6 3603.289325
6 3611.322313
4 3621.618033
6 3631.214356
5 3633.214356
5 3633.214356
6 3644.175604
4 3648.175604
8 3660.518722
8 3660.518722
8 3660.518722
6 3675.497079
8 3680.912884
9 3683.834436
9 3695.804564
7 3701.351811
9 3707.239348
7 3716.257718
5 3720.257718
3 3734.609851
8 3746.555908
7 3748.555908
6 3751.877263
7 3765.053699
8 3767.053699
4 3782.929843
8 3790.929843
7 3792.929843
9 3796.929843
8 3798.929843
4 3806.929843
4 3806.929843
2 3810.929843
2 3810.929843
4 3816.790078
2 3824.021221
5 3831.286470
2 3837.286470
1 3839.286470
1 3839.286470
0 3846.846077
3 3863.500949
3 3863.500949
2 3871.115240
6 3879.115240
2 3887.115240
2 3887.115240
1 3889.115240
3 3896.199035
3 3904.562349
2 3908.022373
1 3912.003611
1 3912.003611
5 3923.329102
1 3931.329102
9 3947.329102
9 3947.329102
7 3951.329102
9 3955.329102
8 3957.329102
5 3963.329102
6 3965.329102
6 3965.329102
5 3967.329102
0 3977.329102
1 3979.329102
3 3983.329102
2 3985.329102
6 3993.329102
1 4003.329102
4 4009.329102
2 4013.329102
3 4015.329102
2 4017.329102
2 4017.329102
1 4022.967886
1 4023.459785
3 4040.871396
1 4051.846421
2 4053.846421
3 4055.846421
1 4060.263118
5 4068.263118
4 4070.263118
3 4072.263118
0 4079.306359
0 4079.306359
1 4095.919743
4 4106.109348
2 4110.109348
5 4116.109348
3 4120.109348
5 4124.433013
3 4130.326708
2 4132.326708
4 4139.198953
2 4143.198953
3 4155.045880
3 4162.078479
4 4190.944863
2 4201.763348
2 4201.763348
1 4207.525448
2 4209.525448
3 4218.376036
3 4218.376036
3 4219.093769
0 4227.285608
2 4246.903938
3 4248.903938
1 4261.616307
0 4268.063268
0 4270.434398
2 4276.047094
1 4281.418108
3 4295.539444
5 4299.539444
1 4307.539444
1 4339.613584
2 4349.672162
1 4356.143784
2 4358.143784
2 4360.493089
3 4368.543959
1 4372.712044
1 4375.202192
0 4378.267982
2 4384.756851
2 4390.493341
0 4424.622958
1 4426.914770
5 4448.231813
0 4458.231813
1 4460.231813
3 4508.023965
1 4519.021312
2 4521.021312
5 4536.112850
4 4538.112850
1 4544.112850
2 4547.596369
5 4560.783851
6 4563.328967
2 4575.638822
1 4583.122348
4 4590.199902
2 4602.432075
1 4619.977360
2 4621.977360
2 4626.596101
0 4634.040112
2 4640.650647
0 4644.650647
1 4646.650647
7 4659.250063
2 4669.250063
1 4671.250063
0 4673.250063
0 4673.250063
3 4679.250063
2 4681.250063
5 4687.250063
0 4707.337347
1 4710.803167
3 4730.091443
2 4732.091443
2 4733.550216
2 4734.644781
1 4754.806046
3 4768.800861
1 4772.800861
2 4777.787157
1 4807.246063
3 4851.363201
2 4855.323497
1 4857.323497
4 4869.936026
5 4871.936026
7 4878.182056
4 4884.182056
1 4890.182056
1 4894.963951
2 4905.584479
3 4920.015441
0 4930.297867
1 4938.343717
0 4944.780293
1 4955.619262
2 4957.619262
1 4965.260299
1 4965.260299
2 4991.961084
0 4997.151054
2 5001.151054
5 5007.151054
5 5007.151054
0 5017.151054
1 5019.151054
4 5025.198226
2 5029.198226
2 5029.198226
1 5031.198226
4 5041.491844
0 5051.497266
2 5055.497266
3 5057.497266
3 5057.497266
1 5061.497266
3 5065.497266
1 5076.290914
2 5082.695182
5 5095.628254
2 5103.254281
3 5105.481106
3 5106.164132
3 5106.435115
5 5113.201979
2 5119.201979
3 5121.201979
0 5131.723694
0 5141.353503
1 5160.105391
1 5160.105391
2 5162.480140
5 5168.480140
2 5174.480140
1 5176.480140
1 5177.780777
0 5212.106165
2 5216.106165
2 5216.106165
5 5232.607100
6 5235.383261
4 5241.311384
5 5244.280996
5 5244.280996
4 5249.822586
3 5276.523417
5 5286.400769
2 5292.400769
0 5296.400769
0 5303.972504
2 5314.688240
0 5318.688240
1 5323.006219
0 5325.006219
2 5346.905993
0 5350.905993
0 5350.905993
2 5356.517891
1 5358.517891
9 5374.517891
9 5374.517891
9 5391.017633
5 5419.044657
6 5421.044657
3 5427.044657
8 5437.044657
9 5439.044657
9 5439.044657
7 5443.044657
9 5447.819724
9 5462.371710
4 5473.437162
9 5483.437162
8 5485.437162
7 5487.437162
5 5494.629812
6 5500.736348
6 5501.737671
9 5515.388692
4 5525.785597
7 5531.785597
6 5535.953362
8 5539.953362
5 5545.953362
5 5552.040471
4 5580.010473
9 5592.999486
8 5594.999486
9 5604.828558
8 5608.647246
9 5610.647246
8 5612.647246
9 5618.810387
9 5623.821238
7 5639.131444
6 5644.592836
6 5654.324669
6 5673.711415
7 5682.857799
9 5689.995063
7 5750.450631
9 5754.450631
7 5758.450631
7 5766.336015
7 5777.935272
7 5778.590978
6 5781.730014
6 5781.730014
6 5781.730014
9 5802.397898
9 5806.271982
8 5819.856740
7 5821.856740
8 5839.174810
8 5839.266370
6 5859.615380
7 5867.986374
9 5871.986374
6 5877.986374
5 5879.986374
8 5885.986374
9 5887.986374
7 5903.102294
4 5909.102294
9 5922.861040
9 5922.861040
7 5932.696765
8 5934.696765
8 5934.696765
5 5940.696765
6 5952.236100
4 5956.800161
9 5967.914520
8 5976.952595
5 5995.376091
8 6001.376091
5 6010.044957
5 6012.233598
4 6018.777566
5 6020.777566
9 6028.777566
5 6051.014611
7 6055.014611
6 6057.014611
1 6067.709852
1 6067.709852
5 6075.709852
7 6079.709852
7 6079.709852
7 6083.304805
5 6089.538426
6 6091.538426
6 6110.143021
7 6113.344151
6 6115.948791
4 6120.755979
7 6126.755979
9 6130.755979
7 6143.213502
8 6145.213502
8 6145.213502
7 6154.758344
7 6165.678404
7 6171.464494
7 6172.212283
4 6181.310226
9 6191.310226
7 6195.310226
4 6201.310226
7 6207.310226
4 6221.388332
6 6225.388332
5 6227.388332
8 6233.388332
8 6233.388332
9 6245.141785
8 6260.801285
5 6272.563500
6 6275.325363
7 6288.150598
5 6299.233589
8 6321.611404
7 6323.611404
7 6344.563438
6 6356.534063
7 6373.489785
6 6378.830475
9 6385.745129
9 6385.745129
7 6389.745129
6 6394.215395
9 6403.594340
5 6427.800315
5 6427.800315
8 6434.126592
8 6445.937632
7 6449.527084
7 6454.006702
5 6460.157941
9 6468.157941
8 6473.971249
8 6473.971249
9 6482.077256
7 6497.189944
9 6528.902153
9 6542.071913
9 6542.438387
9 6544.350079
6 6552.707974
9 6561.578468
7 6570.923828
4 6583.188353
6 6605.833872
5 6611.471821
5 6611.471821
3 6620.446590
9 6632.446590
2 6646.446590
4 6650.446590
1 6656.446590
5 6664.446590
4 6666.446590
1 6672.446590
1 6672.446590
3 6676.446590
5 6680.446590
5 6680.446590
4 6682.446590
0 6695.264988
1 6709.885727
0 6726.898198
0 6737.589480
3 6744.966673
1 6748.966673
4 6756.655683
5 6758.655683
5 6758.655683
4 6762.681461
1 6768.681461
1 6768.681461
2 6772.566678
3 6774.566678
0 6780.566678
1 6782.566678
3 6790.844947
5 6794.844947
0 6807.094207
5 6820.686625
3 6824.686625
0 6830.686625
3 6859.161981
4 6868.353435
0 6876.353435
2 6880.353435
2 6880.353435
4 6885.600567
5 6892.540372
0 6905.218880
0 6930.606350
4 6939.977842
3 6941.977842
4 6943.977842
0 6951.977842
1 6953.977842
1 6953.977842
7 6965.977842
7 6965.977842
5 6969.977842
2 6975.977842
2 6975.977842
1 6977.977842
1 6977.977842
0 6979.977842
2 6983.977842
0 6990.021591
0 7006.348156
4 7022.800668
2 7026.800668
3 7028.800668
3 7028.800668
4 7044.908863
3 7059.743345
0 7073.927940
2 7092.795228
2 7092.795228
4 7102.305883
0 7110.305883
0 7110.305883
1 7112.305883
0 7114.305883
1 7116.305883
1 7116.305883
0 7122.335364
0 7122.335364
6 7147.160087
2 7155.160087
1 7157.160087
0 7159.160087
4 7176.698626
3 7178.698626
2 7195.563729
0 7199.890454
1 7202.678747
4 7213.689747
1 7219.689747
5 7229.711782
0 7239.711782
0 7239.711782
3 7265.275282
5 7269.275282
0 7280.333968
2 7284.333968
0 7288.333968
0 7288.333968
0 7288.333968
2 7295.756753
0 7299.756753
1 7301.756753
0 7305.303048
2 7310.392477
1 7312.392477
5 7320.392477
0 7330.392477
0 7330.392477
0 7346.120185
2 7350.751560
4 7355.658753
3 7362.585442
5 7375.452749
1 7383.452749
1 7383.452749
2 7390.028025
1 7396.395018
1 7396.395018
3 7410.541277
0 7422.517749
2 7442.848088
1 7445.940602
2 7447.940602
2 7452.550302
0 7458.904823
1 7481.334446
0 7490.076158
1 7492.840526
5 7509.365083
0 7535.447405
0 7541.018092
2 7550.125358
2 7568.539863
4 7581.594802
3 7583.594802
2 7585.594802
1 7588.708465
3 7600.480446
2 7602.480446
4 7606.480446
3 7608.818516
2 7621.460342
1 7623.593765
3 7627.593765
3 7627.593765
1 7633.820429
0 7635.820429
1 7637.820429
2 7655.464778
2 7669.498009
3 7676.860971
5 7680.860971
0 7691.428427
2 7696.742534
4 7715.158664
5 7717.158664
3 7745.842602
4 7751.273982
1 7758.162639
2 7760.162639
4 7769.580011
1 7775.580011
2 7785.795722
4 7793.144864
6 7797.144864
3 7803.177085
4 7805.177085
0 7813.177085
2 7824.415071
1 7826.415071
3 7830.415071
1 7834.415071
4 7840.857715
8 7848.857715
6 7852.857715
4 7856.857715
3 7860.606497
3 7863.637785
2 7888.926426
3 7897.923167
4 7899.923167
4 7899.923167
3 7903.042509
2 7908.014918
3 7917.472557
0 7939.531095
1 7942.522862
2 7945.616119
1 7949.396184
1 7958.279021
1 7970.588407
3 7975.338596
2 7977.338596
2 7977.894084
3 7983.906770
1 7995.012179
2 7998.488538
1 8000.488538
0 8034.391375
0 8038.124149
2 8050.955211
1 8059.195418
1 8060.745636
0 8067.738903
4 8079.680643
2 8083.680643
1 8085.680643
6 8101.062879
3 8107.840774
0 8113.840774
1 8126.306536
3 8147.690410
0 8153.720449
0 8154.629052
0 8159.715210
0 8159.739420
4 8182.398195
2 8196.446801
2 8204.241096
3 8210.862138
4 8219.459239
5 8230.727804
5 8233.463110
3 8239.901669
0 8245.901669
4 8253.901669
4 8253.901669
7 8259.901669
6 8261.901669
9 8269.350720
8 8271.350720
8 8271.350720
9 8274.312460
9 8274.740083
5 8294.350041
5 8294.350041
7 8305.339797
6 8307.339797
5 8319.853232
7 8334.137793
5 8347.121360
7 8356.943540
8 8359.325033
7 8383.477315
8 8388.423179
7 8390.423179
6 8392.452578
5 8400.335521
7 8407.409387
5 8416.366386
9 8424.366386
8 8426.366386
5 8448.447023
4 8453.782879
6 8461.243406
9 8477.283750
6 8483.283750
6 8492.812430
5 8498.418916
9 8506.418916
8 8515.076292
6 8523.395992
7 8525.395992
9 8529.659152
6 8535.659152
4 8539.659152
9 8550.127281
9 8550.127281
8 8555.797064
9 8557.797064
7 8572.418501
6 8574.418501
4 8578.418501
7 8584.418501
9 8595.134706
7 8599.134706
4 8607.308196
4 8607.308196
5 8609.308196
7 8614.270871
6 8624.447932
9 8651.988044
6 8685.153934
7 8687.153934
8 8706.642174
7 8718.189152
9 8729.059629
4 8740.896058
4 8740.896058
8 8748.896058
9 8750.896058
7 8754.896058
6 8756.896058
4 8762.610760
9 8772.610760
8 8774.610760
6 8825.054311
8 8835.733772
6 8839.733772
7 8841.733772
2 8856.525133
2 8856.525133
5 8862.525133
9 8870.525133
6 8876.525133
7 8878.525133
9 8882.525133
7 8886.525133
6 8888.525133
9 8894.525133
8 8896.525133
5 8931.863671
6 8935.395677
9 8950.941972
7 8955.429044
6 8957.429044
4 8961.429044
7 8967.429044
9 8971.429044
7 8975.558035
8 8991.400777
8 8991.936952
8 8995.174169
6 9007.750066
8 9011.750066
6 9015.750066
3 9022.246771
7 9040.666432
7 9040.666432
9 9047.090175
7 9051.090175
6 9053.090175
6 9053.090175
5 9068.220942
7 9080.239405
7 9080.239405
7 9080.239405
6 9092.531277
4 9104.922640
4 9104.922640
5 9106.922640
6 9108.970702
9 9134.205965
7 9138.205965
9 9142.205965
6 9154.006105
7 9171.250214
6 9177.797725
7 9190.740046
5 9199.143480
5 9199.143480
7 9203.143480
5 9212.466184
5 9233.273863
3 9248.754996
5 9252.754996
7 9256.754996
6 9266.848837
6 9286.894309
8 9294.393117
7 9302.509146
8 9304.509146
7 9316.622401
6 9318.622401
6 9324.615375
5 9330.492518
4 9334.791445
3 9337.592084
8 9354.029451
5 9360.029451
3 9366.294199
7 9374.294199
6 9378.369091
6 9384.888408
6 9392.229694
9 9409.126911
5 9430.349833
8 9439.466231
8 9441.104339
8 9464.219358
8 9482.968031
9 9489.306456
7 9496.412724
7 9496.412724
8 9503.229343
9 9507.704786
7 9513.683526
6 9534.865842
9 9543.221896
7 9547.221896
8 9549.221896
8 9549.221896
8 9555.490364
5 9566.722487
9 9579.671261
8 9591.271396
7 9595.720728
7 9603.262302
9 9613.571387
7 9624.154762
4 9631.798869
4 9631.798869
8 9640.415578
7 9642.415578
9 9647.937272
8 9673.784894
5 9679.784894
5 9679.784894
7 9689.925437
4 9698.675969
4 9698.675969
6 9719.607556
4 9732.329097
7 9742.649396
7 9745.727426
4 9759.585163
8 9777.930867
9 9779.930867
8 9781.930867
9 9783.930867
8 9785.930867
9 9787.947061
8 9789.947061
4 9818.051742
7 9824.051742
7 9824.051742
7 9824.051742
7 9826.901912
6 9855.826239
6 9860.422105
7 9869.472146
8 9877.739695
8 9908.430339
9 9918.548697
8 9925.243772
9 9932.573945
9 9932.573945
7 9950.034096
8 9954.540118
9 9962.454640
9 9962.731724
9 9972.600610
6 9989.326868
6 9992.663814
