0 0
3 4.000000
7 12.670311
5 16.670311
5 16.670311
3 29.195337
6 35.195337
5 43.546842
5 43.546842
6 60.837620
8 75.290835
6 79.290835
6 79.290835
5 83.035732
8 90.451066
7 92.451066
9 98.238685
7 104.740683
5 110.115863
8 116.115863
9 118.115863
6 140.837262
5 147.865786
8 153.865786
8 153.865786
6 199.602474
4 211.493008
6 215.493008
7 217.493008
6 219.493008
8 223.493008
6 227.493008
8 231.493008
9 234.849915
8 236.849915
9 265.891412
7 286.358355
8 288.573537
8 289.765598
9 301.173092
6 307.173092
6 307.173092
6 307.173092
3 321.967290
4 324.448418
9 334.448418
4 352.049496
7 358.049496
8 360.049496
8 360.049496
6 364.049496
9 370.049496
7 374.049496
7 374.983523
9 385.026879
6 391.026879
7 393.026879
9 397.026879
7 404.744964
5 408.744964
6 410.744964
4 422.944431
8 435.466516
6 459.614261
8 469.119694
7 471.119694
6 478.828938
8 483.505669
5 496.580755
6 502.253672
7 511.949437
4 524.145797
3 526.145797
5 537.650934
7 553.404497
8 592.406303
5 598.832834
3 602.832834
2 606.696333
8 621.186319
9 623.186319
7 627.186319
7 627.186319
7 627.186319
7 635.938504
6 638.071959
4 644.356682
4 645.616576
9 665.332205
6 671.332205
7 673.332205
6 675.332205
6 675.332205
4 682.307180
7 695.888794
7 695.888794
5 701.961376
3 708.173159
3 708.291335
9 723.642984
4 743.667009
9 753.667009
5 761.667009
8 767.667009
9 769.667009
7 777.508615
4 787.587456
8 795.587456
5 809.023359
7 813.023359
7 813.023359
6 835.772507
8 839.840864
5 845.840864
7 849.840864
8 851.840864
7 855.761023
6 863.408041
6 873.553206
4 890.202910
7 897.614759
5 901.614759
6 905.581648
8 911.019148
8 913.075664
5 925.497327
5 930.586958
3 939.010114
9 951.010114
9 951.010114
8 966.565168
7 968.565168
8 970.565168
5 976.565168
9 984.565168
9 984.565168
9 1020.763411
7 1033.439034
7 1033.439034
9 1037.439034
4 1058.408021
8 1066.408021
6 1072.409308
7 1078.462422
8 1080.462422
6 1085.890272
9 1091.890272
5 1104.514360
6 1109.563211
9 1115.563211
9 1115.563211
8 1117.563211
9 1119.563211
7 1123.563211
7 1124.689338
7 1130.160811
3 1140.393209
4 1142.393209
6 1146.393209
7 1154.619613
7 1158.885294
8 1164.087190
6 1179.079080
5 1181.079080
6 1188.176979
7 1201.433113
6 1203.433113
8 1207.433113
4 1215.433113
7 1221.433113
6 1223.433113
6 1223.433113
6 1223.433113
5 1225.840796
7 1234.040173
5 1241.714876
4 1249.024968
5 1253.634856
6 1259.408320
4 1274.128993
4 1278.676338
6 1283.098072
6 1295.790556
5 1303.245194
6 1305.245194
5 1308.686100
8 1317.827227
8 1317.827227
6 1321.827227
3 1327.827227
5 1331.827227
9 1348.294383
8 1356.981488
7 1359.305843
7 1363.593103
9 1370.449095
9 1378.395602
6 1386.459856
6 1386.459856
7 1388.459856
4 1403.147345
3 1405.147345
8 1415.147345
9 1417.147345
8 1419.147345
7 1421.147345
9 1425.147345
8 1427.147345
6 1437.235182
5 1442.907003
4 1447.419670
7 1455.497964
6 1459.873168
7 1461.873168
7 1461.873168
4 1471.975232
6 1475.975232
6 1479.284009
7 1482.080585
5 1486.080585
4 1488.080585
3 1493.865091
4 1496.499711
2 1500.499711
3 1505.977192
6 1517.494467
7 1519.494467
6 1524.199828
5 1526.199828
7 1538.247270
6 1541.840920
5 1550.440929
7 1554.512331
8 1566.524561
5 1583.327493
9 1592.428327
8 1594.428327
9 1596.428327
6 1602.428327
4 1606.428327
6 1610.428327
6 1610.428327
6 1610.428327
8 1614.428327
9 1616.428327
8 1618.428327
7 1620.428327
6 1636.291649
4 1642.091938
2 1646.091938
6 1657.630409
7 1659.630409
4 1669.872400
7 1677.501078
7 1678.489602
7 1683.658626
5 1690.064862
3 1694.064862
9 1706.064862
2 1720.064862
3 1722.064862
5 1726.064862
9 1734.064862
5 1742.064862
7 1746.064862
8 1749.998529
8 1758.847370
7 1761.948138
7 1761.948138
7 1762.602860
8 1784.527535
4 1793.483814
9 1803.483814
8 1805.483814
8 1805.483814
1 1819.483814
7 1831.483814
8 1833.483814
8 1833.483814
6 1837.483814
9 1843.483814
7 1847.483814
7 1847.483814
6 1849.483814
9 1855.483814
9 1855.483814
9 1855.483814
9 1859.729758
9 1865.111088
5 1878.898154
9 1886.898154
9 1886.898154
9 1892.888887
9 1905.984947
7 1919.871920
7 1927.475033
5 1931.878548
9 1939.878548
9 1939.878548
6 1954.081285
9 1960.081285
9 1960.081285
6 1966.081285
2 1974.785822
6 1982.785822
7 1984.785822
6 1986.785822
2 1994.785822
9 2008.785822
6 2014.785822
9 2037.889707
8 2039.889707
6 2044.900342
8 2053.543145
6 2057.543145
7 2073.155833
9 2084.161046
9 2096.451256
8 2099.710062
5 2105.710062
7 2109.710062
9 2113.710062
9 2118.042228
9 2123.564391
6 2132.839855
5 2134.839855
3 2138.839855
5 2142.839855
8 2148.839855
7 2156.568096
8 2171.245617
8 2171.245617
9 2174.736467
7 2178.736467
6 2180.736467
9 2186.736467
7 2190.736467
9 2194.736467
5 2206.032168
5 2206.335326
9 2224.364923
6 2231.814398
6 2231.814398
8 2235.814398
9 2241.464666
6 2249.959251
8 2254.066314
6 2258.066314
4 2266.771373
9 2276.771373
8 2278.771373
8 2284.348348
7 2290.788278
6 2297.422286
3 2308.748294
4 2310.748294
5 2312.748294
9 2320.748294
7 2324.748294
7 2324.748294
9 2328.748294
6 2343.499206
2 2351.499206
1 2359.949163
4 2365.949163
6 2369.949163
6 2369.949163
9 2375.949163
7 2393.165470
5 2397.165470
5 2401.796634
5 2412.005840
8 2418.788672
7 2420.788672
8 2425.542486
6 2432.102535
5 2434.985892
4 2436.985892
5 2439.363302
6 2441.363302
5 2443.363302
7 2450.523901
7 2450.523901
6 2465.141930
2 2473.141930
7 2483.141930
9 2487.141930
9 2487.141930
6 2493.141930
7 2495.141930
9 2499.141930
7 2503.141930
4 2509.141930
2 2513.141930
6 2521.141930
8 2525.141930
2 2537.141930
0 2541.141930
5 2551.141930
2 2557.141930
3 2559.141930
5 2563.141930
0 2573.141930
2 2634.511826
2 2636.397655
2 2636.837596
3 2642.510034
2 2644.510034
2 2654.093821
0 2660.458112
3 2672.476827
2 2674.476827
1 2676.476827
0 2678.476827
2 2685.798973
3 2696.380119
5 2700.380119
1 2708.380119
3 2712.380119
0 2718.380119
3 2724.380119
0 2730.380119
0 2730.380119
1 2743.571297
6 2755.407614
0 2767.407614
4 2775.407614
0 2783.407614
1 2785.407614
1 2785.407614
2 2790.556707
0 2796.348729
0 2801.463064
0 2817.848863
0 2822.879936
0 2828.195355
2 2836.302883
3 2838.302883
5 2842.302883
2 2848.302883
2 2848.302883
3 2850.302883
0 2856.302883
0 2862.048184
1 2878.926071
3 2882.926071
2 2884.926071
0 2892.328984
2 2896.328984
3 2898.328984
4 2900.328984
0 2910.639499
0 2913.014015
3 2919.587007
0 2930.286163
2 2938.910283
0 2942.910283
4 2950.910283
3 2952.910283
1 2978.979945
4 2990.939528
2 2994.939528
2 2994.939528
3 2996.939528
4 2998.939528
4 2998.939528
5 3010.665818
0 3025.091327
0 3025.091327
2 3029.091327
1 3037.288050
3 3041.288050
1 3045.288050
1 3045.288050
2 3047.288050
2 3047.288050
1 3049.288050
1 3055.254181
3 3063.143498
5 3077.875683
2 3083.875683
1 3085.875683
3 3089.875683
1 3093.875683
2 3098.594502
1 3100.594502
1 3108.961282
3 3120.650473
3 3120.650473
2 3122.650473
0 3126.650473
1 3128.650473
4 3134.650473
4 3134.650473
0 3152.173509
3 3158.173509
1 3164.654666
2 3167.009274
4 3180.642512
1 3212.290522
1 3212.290522
2 3215.853226
1 3218.147941
0 3221.316220
0 3226.246125
2 3259.444865
0 3263.702223
0 3267.787901
3 3297.641057
0 3307.035411
0 3321.555873
2 3330.177702
1 3332.276375
1 3337.558910
2 3352.329352
1 3354.329352
6 3371.621991
6 3371.621991
3 3377.621991
1 3381.621991
0 3383.621991
1 3385.621991
1 3385.621991
4 3399.948667
1 3405.948667
3 3409.948667
4 3412.586350
3 3414.747121
0 3432.463303
2 3436.463303
0 3440.463303
1 3442.463303
3 3446.463303
0 3452.463303
4 3460.463303
5 3462.463303
1 3470.463303
1 3470.463303
1 3470.463303
5 3479.400903
7 3483.400903
1 3495.400903
2 3497.400903
3 3499.400903
6 3505.400903
9 3511.400903
2 3525.400903
4 3529.400903
4 3529.400903
7 3535.400903
6 3537.400903
0 3549.400903
0 3549.400903
3 3582.059054
5 3586.059054
3 3590.059054
0 3596.059054
0 3596.059054
2 3600.059054
0 3616.997670
0 3617.986294
0 3628.860683
1 3649.696934
0 3656.083943
0 3657.110534
0 3659.715505
3 3678.683947
1 3683.343529
3 3689.580320
1 3693.580320
1 3693.580320
0 3695.580320
2 3700.713050
4 3704.713050
1 3713.271738
3 3720.374466
3 3720.374466
0 3731.500651
0 3734.975618
1 3749.459559
0 3754.281565
3 3763.673828
3 3765.381806
5 3774.936174
2 3780.936174
3 3785.732217
4 3788.487037
9 3798.487037
8 3800.487037
5 3806.487037
7 3810.487037
7 3810.487037
7 3810.487037
6 3815.670981
9 3824.359122
5 3833.710521
5 3833.710521
8 3839.710521
6 3843.710521
5 3845.710521
7 3851.855216
6 3865.477059
9 3875.644032
7 3879.644032
9 3883.644032
7 3887.644032
9 3899.357703
6 3914.981116
8 3918.981116
9 3920.981116
6 3926.981116
2 3934.981116
2 3934.981116
3 3936.981116
6 3942.981116
2 3950.981116
0 3954.981116
3 3960.981116
5 3964.981116
9 3972.981116
4 3982.981116
5 3984.981116
9 3992.981116
8 3994.981116
3 4004.981116
4 4006.981116
4 4006.981116
6 4010.981116
9 4016.981116
9 4016.981116
5 4035.633982
9 4043.633982
8 4045.633982
7 4047.633982
9 4051.633982
9 4051.633982
9 4051.633982
6 4059.438201
8 4063.438201
7 4068.312888
9 4078.357153
6 4091.145674
5 4093.145674
8 4103.985630
7 4105.985630
9 4110.959168
7 4123.629838
7 4157.243474
8 4166.871934
6 4170.871934
9 4179.275135
7 4185.215019
7 4185.215019
7 4188.090400
6 4202.673956
6 4216.546848
5 4222.135980
5 4223.856246
5 4226.388806
5 4230.619206
8 4241.938241
4 4249.938241
6 4253.938241
7 4257.556387
5 4261.556387
6 4263.693151
9 4278.348151
9 4278.348151
8 4291.601322
9 4303.235448
8 4306.963399
5 4312.963399
4 4317.009686
6 4327.554901
7 4347.162632
9 4360.607416
6 4366.607416
5 4375.629055
4 4386.209434
6 4394.312487
4 4401.293627
4 4422.799049
3 4425.296709
2 4431.958192
8 4451.037511
9 4453.037511
7 4457.037511
4 4463.603027
6 4467.603027
4 4483.177524
4 4483.177524
8 4491.177524
5 4497.177524
6 4504.960490
7 4506.960490
4 4524.237102
8 4534.668179
9 4544.157657
9 4573.440266
6 4589.422774
5 4619.030130
4 4621.339055
8 4636.473199
6 4640.473199
3 4647.084322
9 4659.084322
3 4671.084322
8 4681.084322
8 4681.084322
9 4683.084322
6 4689.084322
7 4699.624965
6 4715.258702
9 4721.327439
8 4723.327439
8 4723.327439
5 4753.436243
6 4755.436243
5 4757.555110
4 4759.555110
7 4766.676550
5 4770.676550
8 4777.396251
7 4779.396251
7 4779.396251
9 4785.048503
7 4794.078985
7 4794.078985
6 4815.733037
8 4851.392705
9 4853.392705
5 4871.053889
9 4879.053889
8 4881.053889
9 4883.079931
9 4883.079931
8 4885.079931
6 4889.079931
5 4891.079931
7 4895.079931
9 4899.740376
9 4902.261735
8 4918.797159
9 4921.510707
7 4928.294972
8 4930.294972
8 4931.910842
9 4935.122442
9 4937.172200
8 4939.270321
5 4946.917820
5 4949.868862
8 4973.328484
9 4988.722915
9 4990.738580
9 5008.278133
6 5017.140723
9 5023.140723
8 5065.417859
9 5077.568724
8 5121.602116
8 5124.089831
8 5131.916645
7 5136.096138
7 5137.504360
9 5144.198101
7 5165.638372
7 5166.052560
7 5169.932267
8 5172.175367
4 5180.175367
5 5182.175367
5 5195.425902
7 5203.665883
7 5207.937654
7 5209.132410
8 5218.597322
5 5224.597322
5 5224.690272
8 5231.027780
8 5231.169335
8 5249.751296
8 5252.505974
8 5261.638709
8 5297.266395
9 5304.400430
5 5313.043633
6 5315.043633
4 5322.800860
6 5332.074908
5 5335.908460
6 5344.972008
4 5353.192380
7 5359.192380
8 5361.192380
5 5367.192380
7 5371.192380
5 5375.192380
5 5376.963193
7 5396.963361
7 5403.379657
1 5418.925893
4 5424.925893
0 5432.925893
3 5438.925893
5 5442.925893
4 5444.925893
6 5456.693953
7 5458.693953
0 5476.497411
3 5482.497411
6 5488.497411
4 5492.497411
4 5492.497411
4 5492.497411
3 5494.497411
1 5498.497411
2 5500.497411
1 5505.670983
2 5509.970565
6 5518.134838
0 5530.134838
1 5532.134838
1 5533.920570
0 5539.362480
2 5543.362480
2 5549.663338
1 5557.632772
3 5566.476054
0 5576.540862
1 5578.540862
2 5580.540862
6 5595.755600
4 5602.204286
1 5608.204286
2 5625.622776
2 5636.360048
3 5640.185591
4 5648.305909
3 5659.323114
2 5673.545003
0 5699.955783
2 5706.549609
0 5710.549609
4 5720.367178
2 5724.367178
4 5728.367178
6 5735.444468
7 5738.346356
3 5746.557357
2 5748.557357
3 5754.831919
4 5774.912815
3 5809.791102
3 5810.189489
5 5821.259851
3 5829.228419
5 5834.585518
6 5836.585518
4 5840.585518
0 5850.616364
2 5854.616364
2 5854.616364
1 5866.493896
0 5868.493896
4 5882.859015
5 5887.054182
3 5891.165447
6 5897.165447
1 5907.165447
1 5907.165447
2 5909.165447
2 5911.195212
2 5919.207327
4 5927.669741
0 5935.669741
0 5939.631626
2 5947.478045
0 5953.128335
0 6020.160777
3 6027.417455
3 6028.191785
0 6040.618468
0 6040.618468
2 6053.979178
1 6055.979178
3 6059.979178
0 6065.979178
1 6067.979178
0 6069.979178
1 6071.979178
4 6077.979178
0 6085.979178
0 6085.979178
0 6085.979178
2 6091.829710
1 6095.776767
1 6096.608338
2 6100.790005
0 6112.426966
0 6112.426966
0 6120.340699
0 6120.907828
3 6133.841985
2 6135.841985
0 6139.841985
3 6145.841985
3 6145.841985
4 6147.841985
0 6155.841985
0 6164.538517
3 6182.916754
5 6186.916754
6 6188.916754
3 6194.916754
5 6198.916754
2 6204.916754
0 6208.916754
0 6208.916754
0 6208.916754
0 6227.681855
2 6237.715838
4 6241.715838
1 6247.715838
2 6253.317745
1 6255.317745
4 6267.486698
0 6275.486698
1 6277.486698
1 6277.486698
2 6279.486698
1 6281.660347
2 6317.616894
5 6323.616894
2 6330.952853
1 6332.952853
4 6338.952853
5 6341.507134
2 6351.350230
2 6351.350230
3 6357.041896
3 6360.110248
0 6370.864311
2 6385.370850
4 6416.533974
0 6424.533974
2 6430.929170
5 6445.067537
0 6455.067537
1 6459.520368
2 6465.798441
4 6478.551468
3 6480.551468
4 6482.551468
6 6487.859754
4 6497.174029
4 6497.174029
5 6499.174029
1 6508.388223
3 6514.218903
4 6519.425986
2 6536.147618
4 6555.414595
1 6561.877582
4 6569.658800
0 6577.658800
1 6579.658800
2 6591.339398
2 6591.339398
2 6604.791040
1 6609.344685
1 6609.344685
0 6617.576275
2 6621.576275
7 6633.101188
7 6633.101188
0 6647.101188
0 6647.101188
0 6647.101188
3 6653.101188
5 6657.101188
9 6665.101188
9 6665.101188
3 6677.101188
6 6683.101188
6 6688.030338
5 6692.025668
7 6696.025668
4 6704.751355
8 6712.888542
8 6712.888542
9 6721.772183
7 6736.082297
2 6750.163410
9 6764.163410
7 6773.295978
5 6781.297025
8 6787.297025
9 6800.670148
3 6812.670148
7 6820.670148
3 6828.670148
2 6830.670148
1 6832.670148
1 6834.077418
4 6844.047489
4 6844.047489
2 6848.047489
8 6861.668771
9 6867.609388
5 6877.018891
5 6877.018891
9 6887.859504
7 6891.859504
4 6904.596767
8 6915.620295
5 6921.620295
4 6927.273867
9 6937.273867
7 6941.273867
8 6943.273867
7 6945.273867
3 6953.273867
2 6955.273867
8 6967.273867
9 6969.273867
6 6976.424356
8 6989.288987
9 6991.288987
8 6993.288987
8 6993.288987
5 7000.122051
8 7017.123336
9 7019.123336
7 7023.123336
6 7025.123336
9 7031.123336
7 7059.652198
7 7062.062466
6 7066.511472
4 7075.185161
5 7077.185161
4 7079.853207
8 7088.540375
9 7090.540375
9 7096.284290
3 7114.046600
8 7127.941256
4 7135.941256
8 7143.941256
9 7145.941256
4 7155.941256
3 7157.941256
7 7165.941256
9 7169.941256
9 7169.941256
7 7173.941256
5 7177.941256
5 7177.941256
5 7185.787455
7 7191.266546
7 7191.266546
9 7200.148159
7 7204.148159
9 7208.148159
8 7210.148159
9 7212.148159
6 7219.767352
4 7223.767352
9 7233.767352
3 7245.767352
5 7253.061760
4 7255.061760
9 7265.061760
8 7267.061760
9 7269.061760
7 7287.575598
4 7294.246830
3 7296.836762
3 7298.830074
2 7302.209002
9 7318.048474
8 7320.048474
8 7331.656269
4 7345.404999
2 7349.404999
6 7357.404999
6 7358.234726
9 7375.223680
8 7377.223680
5 7383.443597
7 7387.443597
5 7408.616088
4 7410.616088
3 7426.335453
3 7426.335453
4 7429.225039
4 7430.610711
8 7440.558152
6 7445.907581
5 7454.711515
5 7457.368809
7 7464.618563
4 7474.327131
3 7492.068195
8 7510.182424
8 7516.666416
7 7520.359470
6 7525.045513
9 7538.147952
8 7545.468511
6 7556.646868
8 7560.646868
7 7569.869673
8 7584.738071
9 7606.550127
9 7607.588340
8 7613.285397
7 7615.285397
8 7641.772703
8 7641.772703
9 7656.364330
8 7670.925213
7 7698.594124
6 7700.594124
5 7702.594124
9 7716.767812
7 7720.767812
8 7727.304489
6 7770.549546
7 7772.549546
6 7774.549546
9 7780.549546
8 7782.549546
6 7787.336993
9 7793.336993
8 7795.336993
8 7802.411109
8 7805.557067
6 7813.621767
7 7815.621767
6 7818.562759
4 7822.562759
8 7830.562759
4 7838.562759
9 7848.562759
7 7852.562759
5 7876.293062
9 7898.709269
7 7902.709269
9 7908.133813
7 7914.972728
9 7918.972728
6 7929.897216
8 7933.897216
9 7935.897216
6 7941.897216
4 7945.897216
5 7947.897216
7 7951.897216
5 7963.551392
7 7967.551392
9 7971.551392
6 7981.716990
5 7983.716990
8 7989.982791
8 7990.294680
7 7992.669990
9 7996.669990
8 8001.531547
5 8011.740903
7 8023.964362
8 8025.964362
6 8029.964362
7 8031.964362
6 8033.964362
8 8042.892108
7 8044.892108
7 8044.892108
4 8063.450686
7 8077.348807
3 8085.348807
6 8091.348807
8 8095.348807
9 8097.348807
8 8099.847190
5 8108.687717
4 8110.687717
5 8114.725262
7 8125.716655
5 8149.394050
6 8160.386031
5 8166.809793
9 8180.503338
6 8186.503338
5 8188.837306
6 8190.837306
8 8195.905418
7 8218.668175
9 8229.528431
8 8236.870088
3 8248.564457
5 8252.564457
1 8260.564457
0 8264.131292
3 8283.233599
0 8289.233599
2 8293.233599
1 8295.233599
0 8301.743255
3 8311.902727
4 8313.902727
0 8321.902727
2 8325.902727
0 8374.443495
3 8380.443495
4 8382.443495
1 8388.443495
2 8390.443495
1 8392.443495
3 8407.171620
1 8411.171620
3 8415.171620
3 8415.171620
6 8424.346318
5 8426.346318
2 8433.569893
1 8443.611403
4 8480.915831
3 8482.915831
2 8484.915831
3 8487.298894
1 8491.298894
0 8499.478495
5 8509.478495
4 8515.148797
3 8521.267929
3 8524.249517
2 8528.185515
4 8534.641705
1 8540.641705
1 8540.641705
2 8542.641705
2 8542.641705
5 8549.814928
0 8559.814928
3 8567.939881
4 8569.939881
1 8575.939881
0 8577.939881
0 8589.221868
3 8612.820102
4 8617.467540
5 8629.384558
0 8650.765656
0 8650.765656
2 8657.312286
1 8659.312286
1 8659.312286
4 8677.491837
2 8681.491837
0 8700.613509
0 8710.891863
1 8726.472239
3 8730.607174
1 8734.607174
3 8738.607174
2 8740.607174
1 8742.607174
4 8755.196380
3 8757.196380
0 8763.196380
2 8767.196380
4 8771.196380
3 8779.542731
5 8784.043867
2 8792.082197
5 8811.701334
3 8815.701334
1 8819.701334
1 8823.027130
2 8825.310143
3 8831.205135
3 8831.205135
1 8835.205135
2 8843.904784
0 8847.904784
1 8849.904784
3 8853.904784
1 8857.904784
6 8867.904784
5 8869.904784
3 8873.904784
2 8875.904784
0 8879.904784
2 8883.904784
4 8887.904784
5 8889.904784
5 8889.904784
0 8899.904784
0 8899.904784
2 8903.904784
1 8905.904784
0 8911.145701
0 8913.395779
2 8924.676144
1 8926.676144
4 8932.676144
2 8936.676144
0 8945.537482
0 8955.131250
0 8955.550414
2 8959.794384
0 8965.585935
4 8973.585935
4 8973.585935
1 8979.585935
2 8985.675727
2 8992.693178
2 9000.174833
2 9009.195670
0 9020.135571
0 9020.135571
2 9078.849930
5 9084.849930
4 9086.849930
1 9092.849930
2 9118.097053
3 9120.097053
2 9131.036460
5 9137.036460
0 9147.036460
3 9153.036460
2 9155.036460
3 9157.036460
1 9161.036460
2 9163.036460
1 9175.333814
1 9175.333814
3 9179.333814
3 9179.333814
2 9181.333814
4 9187.090800
0 9195.090800
1 9197.090800
3 9201.090800
2 9203.090800
2 9203.755673
1 9210.021641
3 9214.021641
3 9214.215710
2 9218.681481
0 9222.681481
3 9277.407814
1 9281.407814
1 9281.407814
0 9283.610841
2 9288.891864
2 9288.891864
2 9304.208920
0 9316.526338
3 9325.513977
2 9327.513977
1 9329.513977
1 9329.513977
0 9345.647856
5 9358.284391
2 9364.284391
1 9366.284391
0 9368.284391
3 9374.284391
4 9376.284391
0 9384.284391
2 9390.435167
2 9390.435167
2 9392.463981
2 9398.676971
1 9401.642762
2 9403.642762
0 9407.642762
4 9430.997103
0 9438.997103
1 9440.997103
3 9447.551530
4 9449.551530
0 9457.551530
3 9463.551530
2 9465.551530
3 9467.551530
3 9470.705985
3 9472.017125
3 9473.308694
2 9479.203649
3 9489.550139
4 9491.550139
4 9503.116664
1 9512.050196
3 9534.193093
3 9534.193093
7 9549.816278
2 9569.898868
7 9581.693908
7 9581.693908
4 9591.775553
2 9595.775553
1 9597.775553
4 9607.370180
1 9615.561564
4 9621.846181
0 9629.846181
3 9643.330114
2 9645.330114
0 9649.330114
3 9666.507916
0 9672.507916
0 9672.507916
2 9676.507916
0 9680.507916
1 9699.622403
2 9715.828715
0 9720.946934
1 9730.489708
0 9732.489708
2 9743.001043
4 9747.001043
1 9753.001043
0 9755.001043
0 9768.429222
4 9781.379574
1 9787.401435
1 9787.401435
1 9787.401435
1 9787.401435
4 9805.834648
1 9811.834648
3 9815.834648
1 9819.834648
3 9828.033818
0 9834.033818
2 9838.033818
3 9840.033818
3 9840.033818
2 9842.033818
4 9846.033818
3 9848.033818
1 9867.578013
2 9871.063973
2 9873.396502
1 9883.036429
0 9892.537898
1 9896.767175
3 9901.585032
1 9905.585032
3 9909.585032
3 9909.585032
4 9913.676193
6 9918.433451
6 9924.403452
6 9926.102054
5 9930.140096
4 9939.480219
2 9947.539569
2 9947.539569
4 9954.889468
3 9956.889468
2 9958.889468
5 9964.985255
4 9966.985255
6 9971.056223
0 9983.056223
1 9985.056223
3 9989.056223
0 9996.657281
1 9998.657281
